12345678901234567890123456789012345678901234567890123456789012345678901234567890
2        1         2         3         4         5         6         7         8
3
4
5
6
7
8
9
01 45678901234567890123456789012345678901234567890123456789012345678901234567890
2        1         2         3         4         5         6         7         8
3
4
5
6
7
8
9
02 45678901234567890123456789012345678901234567890123456789012345678901234567890
2        1         2         3         4         5         6         7         8
3
4
5
6
7
8
9
03 45678901234567890123456789012345678901234567890123456789012345678901234567890
2        1         2         3         4         5         6         7         8
3
4
5
6
7
8
9
04 45678901234567890123456789012345678901234567890123456789012345678901234567890
